44 38
418 259 100 100 Alex Rules 0
413 127 100 100 Alex Rules 1
286 73 100 100 Alex Rules 2
146 255 100 100 Alex Rules 4
140 423 100 100 Alex Rules 5
419 427 100 100 Alex Rules 6
634 431 100 100 Alex Rules 9
634 75 100 100 Alex Rules 11
149 99 100 100 Alex Rules 7
790 242 100 100 Alex Rules 3
1032 212 100 100 Alex Rules 8
913 153 100 100 Alex Rules 10
913 438 100 100 Alex Rules 12
799 368 100 100 Alex Rules 13
1044 434 100 100 Alex Rules 14
919 285 100 100 Alex Rules 15
1445 215 100 100 Alex Rules 16
1344 335 100 100 Alex Rules 17
1237 451 100 100 Alex Rules 18
1451 454 100 100 Alex Rules 19
1231 218 100 100 Alex Rules 20
250 818 100 100 Alex Rules 21
203 686 100 100 Alex Rules 22
62 689 100 100 Alex Rules 23
63 947 100 100 Alex Rules 24
630 868 100 100 Alex Rules 25
428 858 100 100 Alex Rules 26
423 743 100 100 Alex Rules 27
632 734 100 100 Alex Rules 28
526 962 100 100 Alex Rules 29
835 571 100 100 Alex Rules 30
835 964 100 100 Alex Rules 31
999 756 100 100 Alex Rules 32
1106 683 100 100 Alex Rules 33
1124 824 100 100 Alex Rules 34
1221 720 100 100 Alex Rules 35
1015 915 100 100 Alex Rules 36
1418 974 100 100 Alex Rules 37
1225 952 100 100 Alex Rules 38
1544 813 100 100 Alex Rules 39
1588 932 100 100 Alex Rules 40
1640 661 100 100 Alex Rules 42
1486 664 100 100 Alex Rules 43
1388 774 100 100 Alex Rules 44
8 3
3 4
8 2
2 1
1 0
0 5
3 0
7 6
14 12
12 13
13 9
9 11
11 10
10 15
15 9
18 17
17 16
20 17
17 19
24 23
23 22
22 21
27 26
26 29
29 25
25 28
30 31
38 36
36 32
32 33
33 35
35 34
34 32
37 40
40 39
39 43
43 42
42 41
