44 38
390 199 100 100 Node 0
393 69 100 100 Node 1
276 15 100 100 Node 2
136 196 100 100 Node 4
120 365 100 100 Node 5
399 369 100 100 Node 6
618 387 100 100 Node 9
613 26 100 100 Node 11
129 41 100 100 Node 7
770 184 100 100 Node 3
1012 154 100 100 Node 8
893 95 100 100 Node 10
893 380 100 100 Node 12
779 310 100 100 Node 13
1024 376 100 100 Node 14
899 227 100 100 Node 15
1425 157 100 100 Node 16
1324 277 100 100 Node 17
1217 393 100 100 Node 18
1479 393 100 100 Node 19
1211 160 100 100 Node 20
345 689 100 100 Node 21
298 557 100 100 Node 22
157 560 100 100 Node 23
158 818 100 100 Node 24
725 739 100 100 Node 25
523 729 100 100 Node 26
518 614 100 100 Node 27
727 605 100 100 Node 28
629 833 100 100 Node 29
928 429 100 100 Node 30
930 835 100 100 Node 31
1094 627 100 100 Node 32
1201 554 100 100 Node 33
1219 695 100 100 Node 34
1316 591 100 100 Node 35
1110 782 100 100 Node 36
1513 845 100 100 Node 37
1320 823 100 100 Node 38
1604 655 100 100 Node 39
1705 788 100 100 Node 40
1732 512 100 100 Node 42
1589 522 100 100 Node 43
1480 631 100 100 Node 44
8 3
3 4
8 2
2 1
1 0
0 5
3 0
7 6
14 12
12 13
13 9
9 11
11 10
10 15
15 9
18 17
17 16
20 17
17 19
24 23
23 22
22 21
27 26
26 29
29 25
25 28
30 31
38 36
36 32
32 33
33 35
35 34
34 32
37 40
40 39
39 43
43 42
42 41
